run 1
10	878378
11	958153
Threads = 1
11	5949
12	34681
11	249638
22	14147
21	894784
Threads = 2
5	508609
6	103913
5	631720
11	42789
10	990928
Threads = 4
2	759880
3	787595
2	821990
5	515167
5	486477
Threads = 8
1	487275
2	436562
1	726811
2	930457
2	916729
Threads = 16
1	510083
2	440096
1	546336
3	939
3	112745
Threads = 32
1	479317
2	417708
1	512917
3	105030
2	951661
=========================================
run 2
10	839978
11	906038
Threads = 1
10	998307
11	942438
11	237617
22	1101
21	864659
Threads = 2
5	504571
6	72938
5	627430
11	9291
10	955850
Threads = 4
2	757109
3	862259
2	818760
5	512424
5	482175
Threads = 8
1	521752
2	412298
1	499658
2	950015
2	908031
Threads = 16
1	500914
2	408012
1	498067
2	966840
2	988559
Threads = 32
1	477935
2	444832
1	516329
2	968838
2	965109
=========================================
run 3
10	848370
11	919362
Threads = 1
10	999424
12	44350
11	247292
22	8651
21	880715
Threads = 2
5	501748
6	45752
5	628002
11	11766
10	947628
Threads = 4
2	761326
3	773480
2	814947
5	503994
5	476571
Threads = 8
1	458284
2	377944
1	484800
2	938600
2	979664
Threads = 16
1	657069
2	424724
1	492504
2	984028
2	931973
Threads = 32
1	485962
2	426170
1	524316
2	987846
2	945876
=========================================
run 4
10	847733
11	929568
Threads = 1
11	3390
12	42631
11	240577
21	995420
21	870326
Threads = 2
5	509886
6	203327
5	632492
11	35488
10	964553
Threads = 4
2	758013
3	959344
2	821903
5	515732
5	477204
Threads = 8
1	474736
2	417330
1	545082
3	130052
2	903729
Threads = 16
1	530223
2	432994
1	513126
2	983424
2	928778
Threads = 32
1	471526
2	434213
1	505103
2	971265
2	937446
=========================================
run 5
10	847395
11	972791
Threads = 1
11	2164
11	930536
11	236632
21	997948
21	876216
Threads = 2
5	503840
6	21536
5	627650
11	10012
10	958642
Threads = 4
2	756967
3	750500
2	817846
5	507980
5	485012
Threads = 8
1	485135
2	367778
1	489807
2	945011
2	897051
Threads = 16
1	513025
2	403086
1	518079
3	201496
2	946469
Threads = 32
1	494006
2	450559
1	494573
3	1807
2	909629
=========================================
