width=1
run 1
4	335578
5	483118
=========================
run 2
4	334000
5	468580
=========================
run 3
4	336501
5	477739
=========================
run 4
4	332487
5	394162
=========================
run 5
4	340347
5	436494
=========================
width=2
run 1
10	846807
11	920332
=========================
run 2
10	849067
11	914460
=========================
run 3
10	844797
11	982949
=========================
run 4
10	836137
12	15227
=========================
run 5
10	868903
11	874123
=========================
run 1
20	502121
21	710765
=========================
run 2
20	515246
21	878873
=========================
run 3
20	521185
21	769888
=========================
run 4
20	524597
22	83925
=========================
run 5
20	519503
21	676650
=========================
